1234
0000
1111
1212
7777
1004
2000
4444
2222
6969
9999
3333
5555
6666
1122
1313
8888
4321
2001
1010
0001
0007
1994
1998
2580
0123
1984
1986
1985
1987
1988
1989
1990
1991
1992
1993
1995
1996
1997
1999
2002
2003
2004
2005
2006
2007
2008
2009
2010
2011
2012
2468
1357
1230
0852
5678
4545
0911
1023
9876
5252
1225
1020
0101
0420
0666
0999
1000
1001
1002
1003
1005
1006
1007
1008
1009
1100
1123
1200
1201
1210
1218
1221
1224
1231
1300
1314
1320
1414
1500
1600
1700
1800
1900
1919
1969
2020
2021
2112
2121
2323
2345
2525
2626
2727
3000
3030
3131
3232
4000
4040
4141
4200
4242
4343
4500
4646
4747
4848
5000
5050
5151
5200
5353
5454
5656
5757
5858
6000
6060
6161
6262
6363
6464
6565
6767
6868
6969
7000
7070
7171
7272
7373
7474
7575
7676
7878
7979
8000
8080
8181
8282
8383
8484
8585
8686
8787
9000
9090
9191
9292
9393
9494
9595
9696
9797
9898
